a 0 0 33 47
b 33 0 35 47
c 68 0 31 47
d 99 0 35 47
e 134 0 31 47
f 165 0 25 47
g 190 0 34 47
h 224 0 35 47
i 259 0 18 47
j 277 0 25 47
k 302 0 35 47
l 337 0 18 47
m 355 0 48 47
n 403 0 35 47
o 438 0 34 47
p 472 0 35 47
q 0 47 35 47
r 35 47 28 47
s 63 47 30 47
t 93 47 24 47
u 117 47 35 47
v 152 47 28 47
w 180 47 43 47
x 223 47 30 47
y 253 47 29 47
z 282 47 26 47
0 308 47 40 47
1 348 47 22 47
2 370 47 36 47
3 406 47 37 47
4 443 47 36 47
5 0 94 37 47
6 37 94 39 47
7 76 94 31 47
8 107 94 39 47
9 146 94 39 47
+ 185 94 20 47
- 205 94 20 47
* 225 94 21 47
/ 246 94 15 47
. 261 94 17 47
  479 465 33 47
